5.411,5.364,5.664,7.04,14.799
8.106,5.883,17.226,14.412,6.183,7.598,7.29,7.693,9.129,5.995,6.009,16.775,7.112,5.674,5.983,5.851,6.238,5.249,16.413,8.477,7.923,7.084,8.798,5.78,6.918,11.894,5.932,6.925,8.145,5.683,6.016,19.812,6.553,8.98,8.251,6.478,13.905,98.692
286.733,11.04,6.381,6.904
6.114
6.299,5.401,11.72,10.037,13.997
5.978
11.318,9.102,5.061,5.317,5.156,7.704,6.89,5.561,5.301,6.075,8.248,5.165,6.25,8.267,9.433,7.836,5.145,6.962,5.534,7.446
5.867,5.442,9.412,30.613,70.7,6.442
5.133
6.366,5.036,7.455,8.951
8.801
8.686,5.977,29.504,5.076,10.922
5.075
5.584
9.943,5.351
6.374
10.702,7.073
5.973
5.101
5.216,22.564,6.21,8.467,6.585,6.202,7.945,5.672,11.206
5.236
6.843,16.635,5.99,7.164
16.13,9.639,6.73,10.611,9.683
6.336
5.438,5.25
6.525,8.797
6.114
5.471
5.375
6.982,8.746
5.915,20.127,6.716,6.533,6.759,6.249,11.097,12.527,5.237,10.138,8.68,5.87
5.303
7.716
5.555,5.252
5.406
5.357
10.113,11.042,5.336,7.877,13.561
5.286,22.81,14.732
5.015
11.3,5.203
6.569
5.146
5.823
5.996
15.284
5.097
5.039,5.603,12.984,6.249,13.94,7.848,17.216
6.942
6.841
5.129
5.282
8.733,7.765,9.221
14.679,7.649
7.437,5.093
9.307,9.719
5.122,6.503,5.067,10.708
6.245
12.949,5.867
7.274
9.653
7.648
5.236
5.544
5.204
8.172,5.594,5.269
15.686,7.699
5.253,9.295,7.084,5.755
6.194
5.408
5.185
6.693
5.818
26.168
5.696,8.098,6.269,5.626
6.665
5.191
9.653,6.151
8.749
10.201
5.21,6.119,6.597,5.874,5.754
6.547,5.232,5.316,12.28,5.533,11.411
6.121
7.518,8.06,5.952,7.65,6.976
7.921
6.16
5.997
7.473,5.681,5.66
6.86,12.28
6.767
15.487,15.401,10.879,5.632
5.518,10.092,7.515
11.709,5.304
14.051,7.364
7.266
5.807
5.198
7.62,16.674,24.846,7.261
8.044,5.208,9.842,5.193
7.669,15.304
5.521,5.17
7.039,5.878,7.311,10.727,14.766,7.985
5.47,19.021,9.389
9.563,8.605
8.751,7.44,5.215,13.845,20.866,9.659,5.588,6.765,5.226,7.936,10.835,14.041,12.094,7.393,7.22,10.694,8.286,5.33,6.413,10.376,5.088,5.221,11.452,9.26,7.294,16.254,5.544,6.757,6.404,8.498,7.003,14.608,11.004
5.621,7.082
5.516,13.911,7.186,6.301,5.078,10.19,5.333,7.981,5.27,6.521,5.422,10.333,13.01,24.763
7.314
23.519,18.631,11.261
7.378,6.969
5.006
7.106
8.414,5.601
5.41,14.963,5.757
7.724,11.47
5.569,40.24
5.22
17.499,6.865,5.857
6.22
13.388
11.479
6.251
54.153,6.32,6.069,9.943
14.098
10.949,5.6,5.804
14.642
5.549,6.4,8.58,38.049
8.429
7.554,14.354
12.233
5.337,5.902
5.822,5.522,7.943
36.66,10.77,5.205,5.608
9.437,6.058
5.03
5.797
6.77,7.757
6.739,15.618
5.725
6.238
6.781
5.659
6.096
5.894,7.495,5.273,11.192,5.118,5.41,6.309,18.313,18.674
6.98
5.003
5.025
7.181
6.321
10.279
5.285
5.758,9.159,5.517,7.236,5.295,8.351,10.873,6.96,11.217,7.268,5.242,6.118,11.234,7.184,5.775,8.552,7.354
7.388
6.543,5.268
7.553,10.986
7.406
8.048
8.85
5.289,7.895
5.79
5.406
5.579,6.504
6.429
5.111,16.94,9.862,7.371,5.384,8.135,9.021,6.061,7.193,6.294,6.67,5.59,8.029,9.159,5.169,71.596,6.404,14.375,5.662,5.235,7.083,6.357,5.764,10.608,27.531,7.491,12.113,10.664,9.71,14.747,9.863,11.851,5.605
6.527,5.013
5.354
12.247,14.06
5.206
5.339
5.861
5.054,6.16,7.601,6.546,12.379,6.926
13.697
5.236
5.264
6.444
5.29
11.933
6.065,9.691
5.622,5.171,6.545
14.077
9.607,5.686,11.831
6.226,18.739
5.778
6.522,5.344
9.261,6.378
9.759,21.968
5.782,5.187,5.443,15.349,6.212,9.039,9.904,5.679,15.812
5.314,12.811,77.514,9.423,7.056,10.054,8.366,8.037
7.629
6.081
6.286,6.18,6.376
5.451
5.071
5.469
7.497,5.054
10.619,5.454,7.523,5.632,21.077,67.802,5.584,8.018,6.746,5.07,35.018,6.438,5.785,9.583,9.979,8.737,5.801,10.604,26.137,12.268,5.108,9.384,6.946,5.556,8.59
5.132
10.958
6.653
8.069
5.08
5.374
10.404
5.492
7.768
6.351,5.293,10.607,24.337,8.486,7.027,6.709
5.713
8.472
6.861,13.23
7.606,41.862
11.407
5.682
5.336
5.028
7.515
5.476
10.629,6.642,5.292
6.418
7.002
5.115
10.498
5.492
5.272,9.154
5.75,12.554
12.356
5.813
7.155
5.662,10.43
6.272,7.213
5.712
27.065
12.933,8.37
14.39,14.029,8.489,16.008,5.379,9.1
12.2
10.217,5.005
11.951
7.779
5.129,5.532
6.337,8.303
15.643,5.493,5.355
7.101,6.058,6.634,6.05,12.408,7.898
7.351
6.629
26.444,5.746
5.333
16.008
9.79
15.502
23.884
5.307
5.825
9.275,6.078,13.959
7.963,6.981
5.41
6.569
5.105
8.758
5.138
7.203
6.115
7.07
20.94
5.074
